kD_wt: (1e-07)^2
Q_max: 13.77
m: 2.5
prim_rate_const: 135
unprim_rate_const: 236
Num_ves_factor: 1.2717
Cost: 62.3373
------------------- 
PVR_wt: 0.08841     0.16761     0.28705     0.47721     0.70631
peak1s_wt:-11.9488     -22.5803      -38.506     -63.7629     -94.1201
peak2s_extr_wt:-22.1728     -40.9725     -63.4227     -79.5189     -87.3522
PPRs_extr_wt: 1.8557      1.8145      1.6471      1.2471     0.92809
PVR_mutant: 0.21248     0.39386     0.62027     0.79941     0.90833
peak1s_mutant:-28.73299      -53.1294      -83.4422     -107.2194     -121.3977
peak2s_extr_mutant-22.8773     -41.3003      -62.666     -77.8584     /-85.9474
PPRs_extr_mutant: 0.7962     0.77735     0.75101     0.72616     0.70798

------------------- 


kD_wt: (4.0757e-08)^2
Q_max: 14.047
m: 2.047
prim_rate_const: 92.1614
unprim_rate_const: 265.0334
Num_ves_factor: 1.3354
Cost: 8.187
------------------- 
PVR_wt: 0.071129     0.18517     0.49023     0.75304     0.88398
peak1s_wt:-10.09425     -26.20935     -69.23981     -106.1431     -124.3072
peak2s_extr_wt:-20.0515     -36.8259     -56.0591      -67.812     -73.1323
PPRs_extr_wt: 1.9864      1.4051     0.80964     0.63887     0.58832
PVR_mutant: 0.21764     0.40094     0.62615     0.80004     0.90238
peak1s_mutant:-30.90543     -56.79686     -88.48262     -112.7982     -126.9152
peak2s_extr_mutant-21.9031     -38.4371     -56.2494     -67.6566     -73.0194
PPRs_extr_mutant: 0.70871     0.67675     0.63571      0.5998     0.57534

------------------- 


